24 -31
25 -31
25 -30
26 -30
26 -30
26 -30
27 -29
27 -29
28 -29
28 -28
28 -28
29 -28
29 -27
29 -27
30 -26
30 -26
30 -26
30 -25
31 -25
31 -24
23 30
-31 24
-30 24
-30 25
-30 25
-30 26
-29 26
-29 26
-29 27
-28 27
-28 28
-28 28
-27 28
-27 29
-26 29
-26 29
-26 30
-25 30
-25 30
-24 30
-24 31
30 24
-23 31
-22 31
-22 31
-21 31
-21 32
-20 32
-19 32
-19 32
-18 32
-17 33
-17 33
-16 33
-15 33
-15 33
-14 33
-13 34
-12 34
-11 34
-11 34
-10 34
36 19
9 -34
10 -34
11 -34
12 -33
13 -33
14 -33
14 -33
15 -33
16 -33
16 -32
17 -32
18 -32
19 -32
19 -32
20 -32
20 -31
21 -31
22 -31
22 -31
23 -30
31 24
-22 30
-22 30
-21 31
-21 31
-20 31
-19 31
-19 31
-18 32
-18 32
-17 32
-16 32
-16 32
-15 33
-14 33
-13 33
-13 33
-12 33
-11 33
-10 34
-9 34
36 20
-8 34
-7 34
-7 34
-6 34
-5 34
-4 34
-3 34
-2 34
-1 35
0 35
0 35
1 35
2 35
3 35
4 35
5 35
6 35
7 35
7 36
8 36
36 17
-8 -35
-7 -35
-6 -35
-6 -35
-5 -35
-4 -35
-3 -35
-2 -35
-1 -35
0 -35
0 -35
1 -34
2 -34
3 -34
4 -34
5 -34
6 -34
6 -34
7 -34
8 -33
36 20
-8 33
-7 33
-6 33
-6 34
-5 34
-4 34
-3 34
-2 34
-1 34
0 34
0 34
1 35
2 35
3 35
4 35
5 35
6 35
6 35
7 35
8 35
36 17
9 35
9 35
10 35
11 35
12 36
12 36
13 36
14 36
14 36
15 36
16 36
16 36
17 36
18 36
18 36
19 36
19 36
20 36
20 36
21 37
31 15
-21 -36
-20 -36
-20 -36
-19 -36
-19 -36
-18 -36
-17 -36
-17 -36
-16 -36
-16 -36
-15 -36
-14 -36
-14 -36
-13 -36
-12 -35
-11 -35
-11 -35
-10 -35
-9 -35
-8 -35
36 18
8 35
9 35
10 35
11 35
11 35
12 35
13 35
13 36
14 36
15 36
15 36
16 36
17 36
17 36
18 36
18 36
19 36
19 36
20 36
20 36
32 15
21 36
21 36
22 36
22 36
23 36
23 36
23 37
24 37
24 37
25 37
25 37
25 37
26 37
26 37
26 37
27 37
27 37
27 37
28 37
28 37
26 14
-28 -37
-27 -37
-27 -37
-27 -37
-26 -37
-26 -37
-26 -37
-25 -37
-25 -37
-25 -37
-24 -37
-24 -37
-24 -36
-23 -36
-23 -36
-22 -36
-22 -36
-21 -36
-21 -36
-20 -36
32 16
20 36
21 36
21 36
22 36
22 36
22 36
23 36
23 36
24 36
24 36
24 37
25 37
25 37
25 37
26 37
26 37
26 37
27 37
27 37
27 37
27 14
27 37
28 37
28 37
28 37
29 37
29 37
29 37
29 37
29 37
30 37
30 37
30 37
30 37
31 37
31 37
31 37
31 37
31 37
31 37
32 37
